6758427277996010953 373180
6759909483739023881 373180
6761321269958846843 373180
6761681686402340757 373180
6761771232101530276 373180
6753479669477806074 33781
6757038345653789026 33781
6757179585781092948 33781
6756060974019133116 33781
6756109245477058208 33781
6760331937493221160 10438
6756863021208539366 10438
6757485224649858034 10438
6756876485942939727 10438
6759326739085878276 10438
6757941723296718252 44289
6757679842038807202 44289
6759384755049833899 44289
6758825619007376573 44289
6757921455477060422 44289
6759708754484185623 10404
6759387465274910166 10404
6759215181503706614 10404
6759389454272068346 10404
6760706268909619843 10404
